0 0.499957 0.507194 0.012461 0.027569
0 0.265553 0.514330 0.027723 0.045271
0 0.314199 0.509830 0.020250 0.035090
0 0.416320 0.524542 0.030453 0.072278
0 0.523971 0.525708 0.032418 0.083306
0 0.931445 0.574878 0.137109 0.219188
0 0.751625 0.537681 0.074406 0.114069
0 0.447762 0.517035 0.025758 0.053569
0 0.465844 0.510035 0.016688 0.034583
0 0.485555 0.510910 0.017766 0.035167
3 0.264922 0.497951 0.008359 0.011181
3 0.313637 0.497625 0.006797 0.009375
3 0.416885 0.497517 0.012152 0.018104
3 0.446473 0.497517 0.008211 0.012896
3 0.464627 0.497431 0.005785 0.008819
3 0.484590 0.497222 0.004844 0.008125
3 0.499102 0.497083 0.004492 0.005208
3 0.521074 0.497917 0.013281 0.019375
3 0.731975 0.497510 0.017215 0.020687
3 0.922957 0.498125 0.054352 0.045639
