0 0.341172 0.523701 0.018906 0.066306
0 0.349305 0.513396 0.016914 0.041889
0 0.366516 0.516615 0.020461 0.046743
0 0.410797 0.514028 0.018398 0.042639
0 0.428453 0.513854 0.016992 0.042014
0 0.447867 0.519028 0.023086 0.052222
0 0.478697 0.518816 0.022277 0.052604
0 0.463734 0.512517 0.016312 0.038604
0 0.508537 0.512215 0.010066 0.036403
0 0.515521 0.514368 0.015340 0.042694
0 0.527072 0.515566 0.019801 0.045299
0 0.553199 0.521417 0.026719 0.061000
0 0.602275 0.525962 0.033824 0.071951
0 0.646318 0.514372 0.017949 0.043340
0 0.590551 0.517365 0.011477 0.056687
3 0.336562 0.498472 0.008906 0.015278
3 0.348996 0.498472 0.006055 0.009653
3 0.365906 0.498576 0.006367 0.010417
3 0.410656 0.498299 0.005859 0.009861
3 0.429168 0.498444 0.005938 0.009792
3 0.439813 0.498128 0.005820 0.009174
3 0.447469 0.497993 0.007383 0.011528
3 0.463094 0.498549 0.005664 0.009306
3 0.478504 0.498306 0.007266 0.011736
3 0.511238 0.498375 0.005234 0.008403
3 0.517176 0.498340 0.005703 0.009444
3 0.526908 0.498163 0.006785 0.010076
3 0.553035 0.498097 0.008437 0.013542
3 0.601164 0.497882 0.009844 0.015833
3 0.646066 0.498229 0.005977 0.009028
