3 0.412574 0.499733 0.006797 0.011021
3 0.463467 0.499847 0.005215 0.008514
3 0.482314 0.499389 0.006324 0.010333
3 0.494164 0.499740 0.005352 0.007993
3 0.545535 0.499611 0.005859 0.009236
3 0.541473 0.499476 0.002578 0.007979
3 0.610977 0.499563 0.006281 0.009250
3 0.648039 0.499729 0.004937 0.009750
3 0.651750 0.499528 0.002578 0.007917
0 0.412834 0.517479 0.021207 0.047000
0 0.463699 0.513674 0.016602 0.036389
0 0.482469 0.516069 0.019141 0.042847
0 0.495355 0.513535 0.011164 0.035417
0 0.545848 0.514542 0.017383 0.038958
0 0.610945 0.515490 0.019172 0.040924
0 0.648504 0.513792 0.016797 0.037847
0 0.509574 0.516128 0.017656 0.036979
