3 0.501289 0.502708 0.008359 0.013750
3 0.472879 0.503889 0.006875 0.010347
3 0.509500 0.503510 0.005664 0.008604
3 0.526062 0.503372 0.004883 0.007785
3 0.581371 0.503583 0.005234 0.007639
3 0.611332 0.503927 0.005391 0.007910
3 0.650746 0.503375 0.005781 0.010417
0 0.472852 0.520799 0.020156 0.044514
0 0.501084 0.528604 0.029902 0.066597
0 0.512121 0.517278 0.011109 0.037500
0 0.526535 0.517028 0.015937 0.034833
0 0.581805 0.516875 0.015664 0.034653
0 0.611902 0.517813 0.018281 0.037778
0 0.650691 0.518715 0.018437 0.041250
