0 0.473691 0.525257 0.020047 0.066958
0 0.503852 0.533010 0.039016 0.086882
0 0.563420 0.522809 0.025988 0.062396
0 0.534766 0.526233 0.027273 0.078840
0 0.642803 0.512281 0.016363 0.035854
0 0.660379 0.528410 0.019117 0.077903
3 0.477461 0.499403 0.009516 0.014750
3 0.489695 0.498812 0.009094 0.014750
3 0.495527 0.499687 0.002930 0.012167
3 0.502961 0.499271 0.011906 0.019167
3 0.544184 0.499618 0.004687 0.008167
3 0.562746 0.498868 0.008438 0.013500
3 0.643125 0.499236 0.005000 0.008472
3 0.666914 0.498778 0.004781 0.018597
