0 0.496359 0.483674 0.006133 0.020972
3 0.484453 0.474896 0.004219 0.006875
0 0.402168 0.479340 0.010352 0.016319
3 0.398898 0.474931 0.003828 0.007500
0 0.390725 0.520455 0.065934 0.118799
0 0.336297 0.498701 0.034547 0.060667
0 0.351906 0.496826 0.024047 0.054583
0 0.428090 0.484236 0.011617 0.024167
0 0.449887 0.486611 0.014914 0.030917
0 0.550855 0.509542 0.050383 0.090431
0 0.470566 0.493882 0.023961 0.047000
0 0.509539 0.488778 0.015508 0.034236
0 0.503465 0.485788 0.008672 0.027979
0 0.361516 0.485917 0.012891 0.027083
3 0.335527 0.475694 0.010508 0.013750
3 0.350094 0.475861 0.008203 0.011944
3 0.361148 0.475514 0.003906 0.005694
3 0.388492 0.475181 0.017414 0.026764
3 0.427637 0.475340 0.003398 0.005625
3 0.449375 0.475062 0.004062 0.006597
3 0.469414 0.475097 0.006328 0.009722
3 0.505371 0.475681 0.003984 0.007292
3 0.509277 0.475854 0.004687 0.008333
3 0.548521 0.475569 0.014824 0.022611
3 0.536701 0.475368 0.009957 0.017500
3 0.495047 0.475493 0.003164 0.004583
3 0.490879 0.475486 0.003555 0.005694
0 0.531641 0.496757 0.021867 0.060722
0 0.490937 0.483785 0.009922 0.022431
