3 0.423367 0.500177 0.012953 0.023521
3 0.391201 0.499167 0.006637 0.011000
3 0.438281 0.498667 0.007539 0.011806
3 0.446578 0.499417 0.006242 0.011694
3 0.452230 0.498764 0.005289 0.010000
3 0.461709 0.498667 0.007371 0.010806
3 0.431645 0.499267 0.004500 0.009604
3 0.492508 0.498667 0.005625 0.008806
3 0.503004 0.498382 0.006016 0.008958
3 0.535564 0.498656 0.005355 0.008799
3 0.553182 0.498517 0.005980 0.010049
3 0.588883 0.498910 0.005898 0.010000
3 0.631092 0.499073 0.005707 0.009910
3 0.645387 0.498563 0.005703 0.009583
3 0.660135 0.498691 0.009184 0.014285
0 0.391322 0.516330 0.020574 0.046507
0 0.461766 0.517979 0.021203 0.048903
0 0.440137 0.515826 0.020023 0.045000
0 0.490768 0.513128 0.013051 0.036896
0 0.503840 0.515528 0.018617 0.044806
0 0.535648 0.512826 0.016312 0.037403
0 0.553424 0.513431 0.019238 0.040000
0 0.588047 0.514677 0.017047 0.042701
0 0.605633 0.517469 0.023289 0.059882
0 0.631016 0.513872 0.018562 0.040438
0 0.645965 0.514229 0.017281 0.040681
0 0.657541 0.524372 0.022207 0.062882
