0 0.465896 0.470687 0.006598 0.020069
0 0.482533 0.486545 0.027340 0.058562
0 0.506361 0.482104 0.024371 0.049681
0 0.531980 0.485104 0.024711 0.056639
0 0.584268 0.512528 0.063613 0.133292
3 0.389375 0.463090 0.006719 0.009792
3 0.406098 0.463767 0.006445 0.010271
3 0.444301 0.463319 0.005352 0.008681
3 0.450746 0.463559 0.003711 0.006257
3 0.464164 0.463521 0.003047 0.005208
3 0.481254 0.463108 0.008008 0.012854
3 0.505082 0.463417 0.007539 0.011111
3 0.531137 0.462687 0.007852 0.011181
3 0.581191 0.463229 0.018508 0.029903
3 0.487758 0.463240 0.003750 0.006104
0 0.451445 0.472528 0.010039 0.024583
0 0.444334 0.476660 0.017301 0.035208
0 0.407182 0.480340 0.020590 0.044500
0 0.390223 0.478580 0.020195 0.040799
3 0.434316 0.463125 0.003320 0.004583
0 0.461449 0.474014 0.010977 0.032708
