0 0.541285 0.517271 0.016953 0.034931
0 0.556131 0.523396 0.017777 0.052903
0 0.572248 0.524444 0.021543 0.056000
0 0.529785 0.514410 0.006758 0.024792
3 0.396406 0.504687 0.003281 0.004653
3 0.417211 0.504576 0.003437 0.004931
3 0.442172 0.504646 0.004297 0.007292
3 0.464867 0.504438 0.003047 0.004097
3 0.471449 0.504611 0.003633 0.005556
3 0.485629 0.504785 0.002930 0.004375
3 0.490998 0.504646 0.003043 0.004653
3 0.556098 0.503847 0.007852 0.011944
3 0.570941 0.503465 0.009805 0.012292
3 0.523422 0.504403 0.004063 0.007639
3 0.513148 0.504750 0.002969 0.005000
3 0.517309 0.504438 0.005273 0.008264
3 0.529066 0.504681 0.003320 0.005278
3 0.540512 0.504750 0.005352 0.009167
0 0.396715 0.511472 0.010000 0.019167
0 0.417656 0.512465 0.010625 0.021319
0 0.442574 0.515431 0.014375 0.030278
3 0.531445 0.504479 0.002422 0.004792
0 0.465094 0.510986 0.008242 0.018056
0 0.471500 0.512444 0.009805 0.021806
0 0.485641 0.510569 0.007305 0.016389
0 0.491344 0.511299 0.008633 0.018958
0 0.518121 0.516472 0.017109 0.033472
