3 0.222676 0.507639 0.008008 0.008611
3 0.284035 0.506951 0.011305 0.014500
3 0.374094 0.507403 0.004922 0.007708
3 0.400422 0.507292 0.006172 0.009722
3 0.458025 0.506743 0.014160 0.023667
0 0.374426 0.518646 0.016594 0.030500
0 0.422465 0.520101 0.016797 0.033951
0 0.416957 0.518472 0.011016 0.029167
0 0.460754 0.546747 0.051930 0.106743
0 0.562021 0.540524 0.038910 0.087840
0 0.499455 0.536295 0.035832 0.077882
0 0.522469 0.525382 0.021875 0.047083
3 0.559744 0.506774 0.011340 0.018479
3 0.422090 0.507410 0.004961 0.007639
3 0.417598 0.507514 0.004414 0.007292
3 0.480410 0.507569 0.003242 0.004861
3 0.498281 0.508010 0.011609 0.019799
3 0.520697 0.507257 0.006684 0.010319
0 0.400957 0.523146 0.021187 0.041500
0 0.284170 0.529514 0.037066 0.060000
0 0.222996 0.521396 0.025734 0.036750
0 0.480980 0.515021 0.009609 0.019514
