3 0.550762 0.499576 0.004219 0.006458
3 0.541836 0.499201 0.003281 0.006181
3 0.487535 0.499319 0.004141 0.006250
3 0.477477 0.499181 0.005273 0.008333
3 0.461875 0.499236 0.004844 0.007361
0 0.462945 0.511715 0.016758 0.033264
0 0.479391 0.510153 0.013789 0.030139
0 0.488141 0.508174 0.011758 0.024236
0 0.862967 0.629979 0.179551 0.355750
0 0.579961 0.515698 0.019078 0.041993
0 0.564035 0.509708 0.012852 0.028125
0 0.551459 0.508910 0.010895 0.025556
0 0.541855 0.508854 0.010664 0.025347
3 0.472652 0.499410 0.003359 0.006111
3 0.467828 0.499410 0.005039 0.006667
3 0.837475 0.500618 0.074012 0.086000
3 0.579043 0.499194 0.005938 0.008750
3 0.563477 0.499507 0.003945 0.006597
