0 0.478990 0.482667 0.016520 0.033819
0 0.555813 0.491142 0.034828 0.058076
0 0.498727 0.483083 0.019594 0.037000
0 0.587092 0.500840 0.028480 0.079333
0 0.611732 0.507139 0.040824 0.097458
0 0.658047 0.514399 0.049086 0.114049
0 0.736135 0.507840 0.065504 0.101028
3 0.455180 0.469694 0.004141 0.006944
3 0.478578 0.469410 0.005156 0.007917
3 0.498754 0.469271 0.006680 0.009306
3 0.550918 0.469611 0.007969 0.012417
3 0.587559 0.469344 0.011641 0.016868
3 0.607699 0.470062 0.016273 0.021167
3 0.651639 0.471073 0.018793 0.027215
3 0.730900 0.469705 0.019535 0.023326
0 0.455352 0.478715 0.012578 0.026181
0 0.514977 0.476479 0.007461 0.020417
