0 0.355898 0.583698 0.027617 0.059604
0 0.378088 0.581795 0.019012 0.054201
0 0.389422 0.578097 0.013219 0.043403
0 0.403287 0.579396 0.015637 0.046000
0 0.416506 0.578747 0.019238 0.043701
0 0.439230 0.578497 0.019688 0.046201
0 0.454139 0.579097 0.018449 0.045597
0 0.503160 0.578847 0.019742 0.044500
0 0.527740 0.582997 0.024355 0.055396
3 0.356078 0.561653 0.008531 0.014250
3 0.375465 0.561431 0.007031 0.011917
3 0.380129 0.562181 0.002672 0.009417
3 0.390590 0.561486 0.005938 0.009236
3 0.400941 0.561628 0.006016 0.010354
3 0.416215 0.561875 0.006250 0.009722
3 0.439596 0.561493 0.006527 0.010903
3 0.452701 0.561594 0.006098 0.009451
3 0.508250 0.561507 0.005352 0.008611
3 0.502117 0.561472 0.006367 0.009653
3 0.527453 0.561333 0.007797 0.011736
