3 0.517211 0.500931 0.003516 0.007292
0 0.500082 0.512875 0.011133 0.033264
3 0.478930 0.500826 0.001875 0.004861
3 0.473227 0.500375 0.003984 0.004931
3 0.511883 0.500333 0.007453 0.013167
3 0.483219 0.501042 0.008156 0.012250
3 0.423602 0.500528 0.009984 0.014500
0 0.510525 0.518528 0.022223 0.050333
0 0.483213 0.519045 0.022051 0.047799
0 0.424113 0.525257 0.033344 0.064556
0 0.473617 0.508292 0.008906 0.022014
3 0.522465 0.500618 0.005117 0.008194
3 0.506879 0.500618 0.002695 0.007778
3 0.501840 0.500722 0.005273 0.007986
