0 0.604961 0.529142 0.049547 0.114062
0 0.555330 0.520462 0.039355 0.089687
0 0.539885 0.496167 0.011410 0.025417
0 0.504494 0.498632 0.015855 0.031875
0 0.455846 0.494125 0.010238 0.021111
0 0.419008 0.498903 0.015516 0.031583
3 0.599904 0.487458 0.019652 0.029861
3 0.555158 0.486469 0.012996 0.021299
3 0.539219 0.486326 0.003906 0.005833
3 0.505977 0.486500 0.002344 0.005486
3 0.503184 0.486319 0.004102 0.006528
3 0.455281 0.486868 0.003555 0.005417
3 0.414145 0.486587 0.003547 0.005924
3 0.418014 0.486472 0.004957 0.007222
