3 0.619654 0.485892 0.012363 0.021563
3 0.335061 0.481910 0.008246 0.032833
0 0.482627 0.527094 0.048598 0.104368
0 0.618961 0.519104 0.040031 0.088583
0 0.380070 0.551823 0.067352 0.170201
0 0.438896 0.525868 0.039527 0.101667
3 0.379387 0.485247 0.024461 0.039451
3 0.437605 0.485639 0.013023 0.021778
3 0.484746 0.485812 0.015359 0.023153
3 0.360881 0.486594 0.015145 0.024618
3 0.414584 0.485587 0.010934 0.024049
3 0.403648 0.486740 0.018063 0.030674
3 0.568955 0.485476 0.010801 0.016799
0 0.571951 0.516330 0.032723 0.078479
