3 0.536309 0.423281 0.004453 0.006812
3 0.593012 0.422597 0.006250 0.004931
0 0.436945 0.432250 0.012031 0.024722
0 0.443332 0.432250 0.008398 0.024583
0 0.464191 0.433604 0.012773 0.027986
3 0.420977 0.422396 0.002891 0.004653
3 0.436539 0.423132 0.003945 0.005764
0 0.420830 0.430601 0.008988 0.021229
3 0.463922 0.423306 0.003945 0.006806
3 0.442691 0.423063 0.003750 0.006319
0 0.494961 0.428056 0.012422 0.016111
0 0.505914 0.426684 0.009961 0.013743
0 0.522129 0.429913 0.013672 0.018951
0 0.536172 0.432097 0.011992 0.024861
3 0.495176 0.423576 0.004336 0.007153
3 0.505488 0.422722 0.002969 0.005417
3 0.521934 0.423521 0.004375 0.006458
3 0.600602 0.425569 0.007359 0.010917
0 0.601814 0.442608 0.022410 0.046326
