0 0.439871 0.626028 0.015984 0.035333
0 0.462465 0.629486 0.019641 0.045917
0 0.495629 0.641729 0.033883 0.078000
0 0.476590 0.639090 0.021727 0.071514
0 0.543893 0.630868 0.022410 0.049319
0 0.557121 0.629792 0.015391 0.047639
0 0.597518 0.631049 0.023160 0.049917
0 0.609436 0.628472 0.012285 0.045000
0 0.640586 0.631472 0.015727 0.051958
3 0.439244 0.612378 0.004723 0.007799
3 0.462574 0.611715 0.005906 0.010000
3 0.480576 0.611267 0.010520 0.015896
3 0.495055 0.611437 0.011172 0.017292
3 0.543977 0.611576 0.007617 0.010903
3 0.553314 0.611819 0.006598 0.010556
3 0.597902 0.611677 0.007266 0.010965
3 0.606188 0.611958 0.006484 0.010139
3 0.644699 0.611816 0.007578 0.012076
3 0.653523 0.611951 0.006703 0.013083
